1 0.192969 0.795833 0.145313 0.220833 
1 0.314844 0.261458 0.139062 0.20625 
1 0.934375 0.839583 0.13125 0.216667 
1 0.919531 0.1875 0.157813 0.216667 
1 0.808594 0.921875 0.139062 0.15625 
1 0.4125 0.853125 0.171875 0.214583 
1 0.679688 0.127083 0.165625 0.229167 
1 0.177344 0.602083 0.151562 0.241667 
1 0.713281 0.839583 0.157813 0.191667 
2 0.583594 0.570833 0.376563 0.4 
1 0.932813 0.50625 0.134375 0.2 
1 0.078125 0.798958 0.121875 0.202083 
1 0.0828125 0.259375 0.15625 0.189583 
1 0.0320312 0.471875 0.0640625 0.19375 
1 0.439063 0.278125 0.159375 0.177083 
